Timestamp PowerL,PowerR, Heading,Distance,DriveSpeed,TurnSpeed,FrontRange,StageNumber,StageDistance,TargetScore,TargetX,TargetY,
1516109791415,0.005208333333333334,0.010416666666666666,-0.0026312500000000003,0.0,0.0,0.125,0.0,0,0.0,0.0,-320.0,-200.0,
1516109791444,0.005208333333333334,0.010416666666666666,-9.812500000000001E-4,0.0,0.0,0.0,0.0,0,0.0,0.0,-320.0,-200.0,
1516109791456,0.005208333333333334,0.010416666666666666,-5.9375E-4,0.0,0.0,-0.275,0.0,0,0.0,0.0,-320.0,-200.0,
1516109791486,0.005208333333333334,0.010416666666666666,-0.0023562500000000003,0.0,0.0,0.1,0.0,0,0.0,0.0,-320.0,-200.0,
1516109791504,0.005208333333333334,0.010416666666666666,-0.00153125,0.0,0.0,0.05,0.0,0,0.0,0.0,-320.0,-200.0,
1516109791523,0.005208333333333334,0.010416666666666666,-4.2500000000000003E-4,0.0,0.0,0.07500000000000001,0.0,0,0.0,0.0,-320.0,-200.0,
1516109791541,0.005208333333333334,0.010416666666666666,3.5625E-4,0.0,0.0,0.1125,0.0,0,0.0,0.0,-320.0,-200.0,
1516109791569,0.005208333333333334,0.010416666666666666,-6.062500000000001E-4,0.0,0.0,-0.1,0.0,0,0.0,0.0,-320.0,-200.0,
1516109791580,0.005208333333333334,0.010416666666666666,-1.5625E-4,0.0,0.0,0.1125,0.0,0,0.0,0.0,-320.0,-200.0,
1516109791595,0.005208333333333334,0.010416666666666666,-0.0024937500000000003,0.0,0.0,0.025,0.0,0,0.0,0.0,-320.0,-200.0,
1516109791615,0.005208333333333334,0.010416666666666666,-0.00445625,0.0,0.0,-0.23750000000000002,0.0,0,0.0,0.0,-320.0,-200.0,
1516109791635,0.005208333333333334,0.010416666666666666,-0.005743750000000001,0.0,0.0,-0.1125,0.0,0,0.0,0.0,-320.0,-200.0,
1516109791658,0.005208333333333334,0.010416666666666666,-0.007381250000000001,0.0,0.0,0.1375,0.0,0,0.0,0.0,-320.0,-200.0,
1516109791677,0.005208333333333334,0.010416666666666666,-0.0082375,0.0,0.0,0.42500000000000004,0.0,0,0.0,0.0,-320.0,-200.0,
1516109791699,0.005208333333333334,0.010416666666666666,-0.00565625,0.0,0.0,-0.0625,0.0,0,0.0,0.0,-320.0,-200.0,
1516109791715,0.005208333333333334,0.010416666666666666,-0.007612500000000001,0.0,0.0,0.07500000000000001,0.0,0,0.0,0.0,-320.0,-200.0,
1516109791735,0.005208333333333334,0.010416666666666666,-0.006975,0.0,0.0,-0.025,0.0,0,0.0,0.0,-320.0,-200.0,
1516109791755,0.005208333333333334,0.010416666666666666,-0.006743750000000001,0.0,0.0,-0.15000000000000002,0.0,0,0.0,0.0,-320.0,-200.0,
1516109791774,0.005208333333333334,0.010416666666666666,-0.00578125,0.0,0.0,0.025,0.0,0,0.0,0.0,-320.0,-200.0,
1516109791795,0.005208333333333334,0.010416666666666666,-0.00735625,0.0,0.0,0.1125,0.0,0,0.0,0.0,-320.0,-200.0,
1516109791814,0.005208333333333334,0.010416666666666666,-0.0086625,0.0,0.0,-0.07500000000000001,0.0,0,0.0,0.0,-320.0,-200.0,
1516109791835,0.005208333333333334,0.010416666666666666,-0.01010625,0.0,0.0,-0.1125,0.0,0,0.0,0.0,-320.0,-200.0,
1516109791864,0.005208333333333334,0.010416666666666666,-0.008462500000000001,0.0,0.0,0.21250000000000002,0.0,0,0.0,0.0,-320.0,-200.0,
1516109791880,0.005208333333333334,0.010416666666666666,-0.0077375000000000005,0.0,0.0,0.1875,0.0,0,0.0,0.0,-320.0,-200.0,
1516109791896,0.005208333333333334,0.010416666666666666,-0.007475000000000001,0.0,0.0,-0.037500000000000006,0.0,0,0.0,0.0,-320.0,-200.0,
1516109791915,0.005208333333333334,0.010416666666666666,-0.007206250000000001,0.0,0.0,-0.07500000000000001,0.0,0,0.0,0.0,-320.0,-200.0,
1516109791935,0.005208333333333334,0.010416666666666666,-0.006900000000000001,0.0,0.0,-0.1,0.0,0,0.0,0.0,-320.0,-200.0,
1516109791964,0.005208333333333334,0.010416666666666666,-0.005056250000000001,0.0,0.0,-0.1625,0.0,0,0.0,0.0,-320.0,-200.0,
1516109791975,0.005208333333333334,0.010416666666666666,-0.004537500000000001,0.0,0.0,0.0625,0.0,0,0.0,0.0,-320.0,-200.0,
1516109792003,0.005208333333333334,0.010416666666666666,-0.0060625,0.0,0.0,-0.21250000000000002,0.0,0,0.0,0.0,-320.0,-200.0,
1516109792014,0.005208333333333334,0.010416666666666666,-0.00606875,0.0,0.0,-0.05,0.0,0,0.0,0.0,-320.0,-200.0,
1516109792035,0.005208333333333334,0.010416666666666666,-0.0081875,0.0,0.0,-0.15000000000000002,0.0,0,0.0,0.0,-320.0,-200.0,
1516109792055,0.005208333333333334,0.010416666666666666,-0.00718125,0.0,0.0,0.225,0.0,0,0.0,0.0,-320.0,-200.0,
1516109792075,0.005208333333333334,0.010416666666666666,-0.0074375000000000005,0.0,0.0,0.0,0.0,0,0.0,0.0,-320.0,-200.0,
1516109792095,0.005208333333333334,0.010416666666666666,-0.004475000000000001,0.0,0.0,-0.07500000000000001,0.0,0,0.0,0.0,-320.0,-200.0,
1516109792115,0.005208333333333334,0.010416666666666666,-0.004425,0.0,0.0,-0.15000000000000002,0.0,0,0.0,0.0,-320.0,-200.0,
1516109792134,0.005208333333333334,0.010416666666666666,-0.0065125,0.0,0.0,-0.1,0.0,0,0.0,0.0,-320.0,-200.0,
1516109792163,0.005208333333333334,0.010416666666666666,-0.006318750000000001,0.0,0.0,-0.17500000000000002,0.0,0,0.0,0.0,-320.0,-200.0,
1516109792175,0.005208333333333334,0.010416666666666666,-0.00603125,0.0,0.0,0.1625,0.0,0,0.0,0.0,-320.0,-200.0,
1516109792195,0.005208333333333334,0.010416666666666666,-0.0047062499999999995,0.0,0.0,-0.1625,0.0,0,0.0,0.0,-320.0,-200.0,
1516109792215,0.005208333333333334,0.010416666666666666,-0.00335,0.0,0.0,-0.0625,0.0,0,0.0,0.0,-320.0,-200.0,
1516109792235,0.005208333333333334,0.010416666666666666,-0.00415625,0.0,0.0,0.1875,0.0,0,0.0,0.0,-320.0,-200.0,
1516109792255,0.005208333333333334,0.010416666666666666,-0.0039375,0.0,0.0,-0.15000000000000002,0.0,0,0.0,0.0,-320.0,-200.0,
1516109792275,0.005208333333333334,0.010416666666666666,-0.0034875,0.0,0.0,0.07500000000000001,0.0,0,0.0,0.0,-320.0,-200.0,
1516109792297,-0.026041666666666664,0.041666666666666664,3.7500000000000003E-5,0.0,0.0,0.1,0.0,0,0.0,0.0,-320.0,-200.0,
1516109792315,-0.033854166666666664,0.049479166666666664,0.00310625,0.0,0.0,0.0125,0.0,0,0.0,0.0,-320.0,-200.0,
1516109792341,-0.033854166666666664,0.049479166666666664,0.005056250000000001,0.0,0.0,0.037500000000000006,0.0,0,0.0,0.0,-320.0,-200.0,
1516109792355,-0.010416666666666668,0.026041666666666668,0.00309375,0.0,0.0,-0.0625,0.0,0,0.0,0.0,-320.0,-200.0,
1516109792378,-0.010416666666666668,0.026041666666666668,0.0025250000000000003,0.0,0.0,-0.1875,0.0,0,0.0,0.0,-320.0,-200.0,
1516109792403,-0.002604166666666666,0.018229166666666664,0.0019375,0.0,0.0,-0.1375,0.0,0,0.0,0.0,-320.0,-200.0,
1516109792415,-0.002604166666666666,0.018229166666666664,0.0036812500000000005,0.0,0.0,0.0125,0.0,0,0.0,0.0,-320.0,-200.0,
1516109792434,-0.002604166666666666,0.018229166666666664,0.00315625,0.0,0.0,0.0625,0.0,0,0.0,0.0,-320.0,-200.0,
1516109792455,0.005208333333333334,0.010416666666666666,0.0016187500000000002,0.0,0.0,-0.2,0.0,0,0.0,0.0,-320.0,-200.0,
1516109792475,0.0078125,0.0078125,9.9375E-4,0.0,0.0,-0.1625,0.0,0,0.0,0.0,-320.0,-200.0,
1516109792495,0.0078125,0.0078125,0.0016062500000000003,0.0,0.0,0.1125,0.0,0,0.0,0.0,-320.0,-200.0,
1516109792515,0.0078125,0.0078125,0.0016875,0.0,0.0,0.2625,0.0,0,0.0,0.0,-320.0,-200.0,
1516109792535,0.0078125,0.0078125,0.0017000000000000001,0.0,0.0,-0.08750000000000001,0.0,0,0.0,0.0,-320.0,-200.0,
1516109792555,0.0078125,0.0078125,0.004425,0.0,0.0,-0.0625,0.0,0,0.0,0.0,-320.0,-200.0,
1516109792575,0.0078125,0.0078125,0.0029812500000000004,0.0,0.0,-0.1125,0.0,0,0.0,0.0,-320.0,-200.0,
1516109792594,-0.002604166666666666,0.018229166666666664,0.0013000000000000002,0.0,0.0,0.0625,0.0,0,0.0,0.0,-320.0,-200.0,
1516109792615,-0.010416666666666668,0.026041666666666668,0.0020437500000000004,0.0,0.0,-0.0125,0.0,0,0.0,0.0,-320.0,-200.0,
1516109792638,-0.033854166666666664,0.049479166666666664,0.0023562500000000003,0.0,0.0,0.225,0.0,0,0.0,0.0,-320.0,-200.0,
1516109792655,-0.033854166666666664,0.049479166666666664,0.0026000000000000003,0.0,0.0,0.2,0.0,0,0.0,0.0,-320.0,-200.0,
1516109792675,-0.002604166666666666,0.018229166666666664,0.003875,0.0,0.0,-0.025,0.0,0,0.0,0.0,-320.0,-200.0,
1516109792695,0.0078125,0.0078125,0.004,0.0,0.0,0.2,0.0,0,0.0,0.0,-320.0,-200.0,
1516109792715,0.0078125,0.0078125,0.005143750000000001,0.0,0.0,0.23750000000000002,0.0,0,0.0,0.0,-320.0,-200.0,
1516109792735,0.0078125,0.0078125,0.00671875,0.0,0.0,0.0125,0.0,0,0.0,0.0,-320.0,-200.0,
1516109792756,0.0078125,0.0078125,0.008700000000000001,0.0,0.0,0.037500000000000006,0.0,0,0.0,0.0,-320.0,-200.0,
1516109792776,-0.018229166666666668,0.03385416666666667,0.00711875,0.0,0.0,0.08750000000000001,0.0,0,0.0,0.0,-320.0,-200.0,
1516109792801,-0.05989583333333333,0.07552083333333333,0.00730625,0.0,0.0,-0.07500000000000001,0.0,0,0.0,0.0,-320.0,-200.0,
1516109792815,-0.07552083333333333,0.09114583333333333,0.006168750000000001,0.0,0.0,0.05,0.0,0,0.0,0.0,-320.0,-200.0,
1516109792836,-0.0859375,0.1015625,0.0073437500000000005,0.0,0.0,0.275,0.0,0,0.0,0.0,-320.0,-200.0,
1516109792855,-0.0859375,0.1015625,0.01130625,0.0,0.0,-0.2,0.0,0,0.0,0.0,-320.0,-200.0,
1516109792875,-0.06770833333333333,0.08333333333333333,0.011487500000000001,0.0,0.0,-0.037500000000000006,0.0,0,0.0,0.0,-320.0,-200.0,
1516109792904,-0.05989583333333333,0.07552083333333333,0.011037500000000002,0.0,0.0,-0.0125,0.0,0,0.0,0.0,-320.0,-200.0,
1516109792914,-0.033854166666666664,0.049479166666666664,0.011756250000000001,0.0,0.0,0.2,0.0,0,0.0,0.0,-320.0,-200.0,
1516109792935,0.005208333333333334,0.010416666666666666,0.012050000000000002,0.0,0.0,0.125,0.0,0,0.0,0.0,-320.0,-200.0,
1516109792961,0.005208333333333334,0.010416666666666666,0.0122,0.0,0.0,0.0,0.0,0,0.0,0.0,-320.0,-200.0,
1516109792976,0.0078125,0.0078125,0.011356250000000002,0.0,0.0,-0.07500000000000001,0.0,0,0.0,0.0,-320.0,-200.0,
1516109792995,0.0078125,0.0078125,0.0122375,0.0,0.0,-0.025,0.0,0,0.0,0.0,-320.0,-200.0,
1516109793015,0.0078125,0.0078125,0.0118375,0.0,0.0,-0.23750000000000002,0.0,0,0.0,0.0,-320.0,-200.0,
1516109793035,0.013061843812465668,0.0025631561875343323,0.011375,0.0,0.0,0.15000000000000002,0.0,0,0.0,0.0,-320.0,-200.0,
1516109793063,0.02093585953116417,-0.005310859531164169,0.013231250000000002,0.0,0.0,-0.1,0.0,0,0.0,0.0,-320.0,-200.0,
1516109793075,0.03143454839785893,-0.015809548397858936,0.013637500000000002,0.0,0.0,0.0625,0.0,0,0.0,0.0,-320.0,-200.0,
1516109793105,0.05505659679571787,-0.03943159679571787,0.0115625,0.0,0.0,0.1375,0.0,0,0.0,0.0,-320.0,-200.0,
1516109793116,0.08130331337451935,-0.06567831337451935,0.011325000000000002,0.0,0.0,-0.08750000000000001,0.0,0,0.0,0.0,-320.0,-200.0,
1516109793136,0.08130331337451935,-0.06567831337451935,0.012112500000000002,0.0,0.0,-0.08750000000000001,0.0,0,0.0,0.0,-320.0,-200.0,
1516109793155,0.10492536425590515,-0.08930036425590515,0.0138875,0.0,0.0,-0.08750000000000001,0.0,0,0.0,0.0,-320.0,-200.0,
1516109793175,0.11279937624931335,-0.09717437624931335,0.012906250000000001,0.0,0.0,-0.1625,0.0,0,0.0,0.0,-320.0,-200.0,
1516109793194,0.11279937624931335,-0.09717437624931335,0.013068750000000002,0.0,0.0,-0.15000000000000002,0.0,0,0.0,0.0,-320.0,-200.0,
1516109793214,0.12329806884129842,-0.10767306884129842,0.013575000000000002,0.0,0.0,0.1875,0.0,0,0.0,0.0,-320.0,-200.0,
1516109793240,0.1311720808347066,-0.11554708083470662,0.014462500000000001,0.0,0.0,0.325,0.0,0,0.0,0.0,-320.0,-200.0,
1516109793257,0.13904609282811484,-0.12342109282811484,0.0163375,0.0,0.0,-0.05,0.0,0,0.0,0.0,-320.0,-200.0,
1516109793275,0.13904609282811484,-0.12342109282811484,0.0175125,0.0,0.0,0.0,0.0,0,0.0,0.0,-320.0,-200.0,
1516109793294,0.13904609282811484,-0.12342109282811484,0.0172625,0.0,0.0,0.08750000000000001,0.0,0,0.0,0.0,-320.0,-200.0,
1516109793314,0.1311720808347066,-0.11554708083470662,0.01728125,0.0,0.0,-0.21250000000000002,0.0,0,0.0,0.0,-320.0,-200.0,
1516109793334,0.12329806884129842,-0.10767306884129842,0.0171625,0.0,0.0,-0.0625,0.0,0,0.0,0.0,-320.0,-200.0,
1516109793363,0.12329806884129842,-0.10767306884129842,0.017075,0.0,0.0,-0.325,0.0,0,0.0,0.0,-320.0,-200.0,
1516109793375,0.1311720808347066,-0.11554708083470662,0.017087500000000002,0.0,0.0,0.3125,0.0,0,0.0,0.0,-320.0,-200.0,
1516109793395,0.1469201147556305,-0.1312951147556305,0.019012499999999998,0.0,0.0,0.1625,0.0,0,0.0,0.0,-320.0,-200.0,
1516109793415,0.16529281934102377,-0.14966781934102377,0.01694375,0.0,0.0,-0.05,0.0,0,0.0,0.0,-320.0,-200.0,
1516109793435,0.19153952598571777,-0.17591452598571777,0.01709375,0.0,0.0,0.15000000000000002,0.0,0,0.0,0.0,-320.0,-200.0,
1516109793454,0.20728756984074911,-0.19166256984074911,0.02068125,0.0,0.0,0.275,0.0,0,0.0,0.0,-320.0,-200.0,
1516109793475,0.2177862524986267,-0.2021612524986267,0.019262500000000002,0.0,0.0,-0.1875,0.0,0,0.0,0.0,-320.0,-200.0,
1516109793494,0.24140830834706625,-0.22578330834706625,0.022231250000000004,0.0,0.0,0.1,0.0,0,0.0,0.0,-320.0,-200.0,
1516109793514,0.24928232034047446,-0.23365732034047446,0.028981250000000004,0.0,0.0,0.8,0.0,0,0.0,0.0,-320.0,-200.0,
1516109793552,0.25978100299835205,-0.24415600299835205,0.12813125,-0.19284075,-3.4022257551669317,4.825,0.0,0,-0.19284075,0.0,-320.0,-200.0,
1516109793560,0.27552902698516846,-0.25990402698516846,0.18114375000000002,-0.2047445,-1.2932533000162965,7.8375,0.0,0,-0.2047445,0.0,-320.0,-200.0,
1516109793574,0.28340305884679157,-0.26777805884679157,0.32506875,-0.2142675,-0.7336897901322075,11.0875,0.0,0,-0.21664825000000001,0.0,-320.0,-200.0,
1516109793594,0.28340305884679157,-0.26777805884679157,0.5782875000000001,-0.266644,-3.277351412740476,15.700000000000001,0.0,0,-0.26902475,0.0,-320.0,-200.0,
1516109793617,0.28340305884679157,-0.26777805884679157,0.974125,-0.34044725000000003,-3.171479002231325,19.2375,0.0,0,-0.34044725000000003,0.0,-320.0,-200.0,
1516109793636,0.28340305884679157,-0.26777805884679157,1.4099062500000001,-0.41663125,-4.353470936478548,23.6,0.0,0,-0.41663125,0.0,-320.0,-200.0,
1516109793655,0.25978100299835205,-0.24415600299835205,1.8672187500000001,-0.49757675,-4.9657150306348585,27.1,0.0,0,-0.4999575,0.0,-320.0,-200.0,
1516109793675,0.2256602644920349,-0.2100352644920349,2.438375,-0.59280675,-4.274908535901062,30.137500000000003,0.0,0,-0.5951875,0.0,-320.0,-200.0,
1516109793705,0.16529281934102377,-0.14966781934102377,3.3708500000000003,-0.733271,-4.469318315147249,31.725,0.0,0,-0.73565175,0.0,-320.0,-200.0,
1516109793715,0.10492536425590515,-0.08930036425590515,3.7057250000000006,-0.780886,-3.745452400149457,32.0625,0.0,0,-0.78326675,0.0,-320.0,-200.0,
1516109793741,0.013061843812465668,0.0025631561875343323,4.59078125,-0.8046935000000001,-1.2769181259888975,32.3125,0.0,0,-0.8046935000000001,0.0,-320.0,-200.0,
1516109793755,0.0078125,0.0078125,4.97300625,-0.8546892500000001,-4.738400298544596,31.700000000000003,0.0,0,-0.8546892500000001,0.0,-320.0,-200.0,
1516109793775,0.0078125,0.0078125,5.6105937500000005,-0.95468075,-4.855205465483839,30.825000000000003,0.0,0,-0.9570615,0.0,-320.0,-200.0,
1516109793794,0.0078125,0.0078125,6.1862562500000005,-1.04991075,-5.108220463993563,29.55,0.0,0,-1.04991075,0.0,-320.0,-200.0,
1516109793815,0.0078125,0.0078125,6.815337500000001,-1.1570445,-4.915350469701663,28.425,0.0,0,-1.15942525,0.0,-320.0,-200.0,
1516109793834,-0.002604166666666666,0.018229166666666664,7.3444875000000005,-1.21180175,-1.4048519985542844,27.075000000000003,0.0,0,-1.21180175,0.0,-320.0,-200.0,
1516109793855,-0.010416666666666668,0.026041666666666668,7.869943750000001,-1.247513,-2.2865992748577333,23.962500000000002,0.0,0,-1.247513,0.0,-320.0,-200.0,
1516109793876,-0.033854166666666664,0.049479166666666664,8.349893750000001,-1.314174,-3.780843672456576,21.3625,0.0,0,-1.314174,0.0,-320.0,-200.0,
1516109793894,-0.05989583333333333,0.07552083333333333,8.71329375,-1.3760735,-3.3907176300938207,19.337500000000002,0.0,0,-1.37845425,0.0,-320.0,-200.0,
1516109793925,-0.07552083333333333,0.09114583333333333,9.251687500000001,-1.47368425,-2.6572724101848624,16.2625,0.0,0,-1.47368425,0.0,-320.0,-200.0,
1516109793943,-0.0859375,0.1015625,9.533625,-1.5189185,-2.3986499250658038,14.512500000000001,0.0,0,-1.52129925,0.0,-320.0,-200.0,
1516109793955,-0.0859375,0.1015625,9.693200000000001,-1.5474875000000001,-2.234580502856875,13.412500000000001,0.0,0,-1.5474875000000001,0.0,-320.0,-200.0,
1516109793975,-0.09375,0.109375,9.935587500000002,-1.5760565,-1.2771236220261246,10.825000000000001,0.0,0,-1.5784372500000001,0.0,-320.0,-200.0,
1516109793995,-0.109375,0.125,10.1333625,-1.61176775,-1.8208761161781297,9.3,0.0,0,-1.61176775,0.0,-320.0,-200.0,
1516109794015,-0.12760416666666666,0.14322916666666666,10.295137500000001,-1.62605225,-1.1174147975617055,6.5,0.0,0,-1.62605225,0.0,-320.0,-200.0,
1516109794056,-0.15104166666666666,0.16666666666666666,10.474993750000001,-1.62605225,-1.1174147975617055,2.1625,0.0,0,-1.62605225,0.0,-320.0,-200.0,
1516109794065,-0.17708333333333334,0.19270833333333334,10.490456250000001,-1.62605225,-1.1174147975617055,1.625,0.0,0,-1.62605225,0.0,-320.0,-200.0,
1516109794075,-0.18489583333333334,0.20052083333333334,10.503300000000001,-1.6236715,-0.06263755201159746,0.5625,0.0,0,-1.62129075,0.0,-320.0,-200.0,
1516109794095,-0.20833333333333334,0.22395833333333334,10.4842875,-1.599864,0.936782202810445,-2.1750000000000003,0.0,0,-1.599864,0.0,-320.0,-200.0,
1516109794115,-0.21875,0.234375,10.42519375,-1.58319875,0.9548111533332665,-4.0,0.0,0,-1.58319875,0.0,-320.0,-200.0,
1516109794149,-0.21875,0.234375,10.224887500000001,-1.533203,1.8554491519644618,-7.45,0.0,0,-1.533203,0.0,-320.0,-200.0,
1516109794166,-0.19270833333333334,0.20833333333333334,10.080731250000001,-1.50701475,1.3286918182832907,-9.3375,0.0,0,-1.50701475,0.0,-320.0,-200.0,
1516109794174,-0.19270833333333334,0.20833333333333334,10.00414375,-1.49749175,1.329136891469406,-9.9,0.0,0,-1.49749175,0.0,-320.0,-200.0,
1516109794194,-0.19270833333333334,0.20833333333333334,9.79686875,-1.46892275,1.7252124132683566,-10.600000000000001,0.0,0,-1.46892275,0.0,-320.0,-200.0,
1516109794215,-0.19270833333333334,0.20833333333333334,9.562475000000001,-1.43083075,1.6955550214103217,-11.75,0.0,0,-1.43083075,0.0,-320.0,-200.0,
1516109794242,-0.18489583333333334,0.20052083333333334,9.237931249999999,-1.37845425,2.2350000586737386,-12.225000000000001,0.0,0,-1.3760735,0.0,-320.0,-200.0,
1516109794255,-0.19270833333333334,0.20833333333333334,9.07709375,-1.3546467500000001,1.7558772010694204,-13.387500000000001,0.0,0,-1.3546467500000001,0.0,-320.0,-200.0,
1516109794274,-0.2265625,0.2421875,8.81326875,-1.3236970000000001,1.891078786675272,-13.925,0.0,0,-1.3236970000000001,0.0,-320.0,-200.0,
1516109794295,-0.25,0.265625,8.525237500000001,-1.2713205,2.8102222091067373,-14.55,0.0,0,-1.2713205,0.0,-320.0,-200.0,
1516109794315,-0.25,0.265625,8.202418750000001,-1.1927557500000001,4.470682127599644,-17.0125,0.0,0,-1.1927557500000001,0.0,-320.0,-200.0,
1516109794335,-0.21875,0.234375,7.842350000000001,-1.11657175,2.841838257236646,-20.175,0.0,0,-1.11657175,0.0,-320.0,-200.0,
1516109794354,-0.18489583333333334,0.20052083333333334,7.42083125,-1.076099,1.8912290108929866,-22.762500000000003,0.0,0,-1.07371825,0.0,-320.0,-200.0,
1516109794374,-0.14322916666666666,0.15885416666666666,6.96086875,-1.0332455,2.092185337346486,-23.387500000000003,0.0,0,-1.03086475,0.0,-320.0,-200.0,
1516109794395,-0.1171875,0.1328125,6.4899562500000005,-0.9975342500000001,1.3659215272847236,-22.7875,0.0,0,-0.9975342500000001,0.0,-320.0,-200.0,
1516109794415,-0.07552083333333333,0.09114583333333333,6.027925000000001,-0.990392,0.4917622211148435,-22.337500000000002,0.0,0,-0.990392,0.0,-320.0,-200.0,
1516109794436,-0.06770833333333333,0.08333333333333333,5.5729125,-0.95468075,2.892638549276309,-21.925,0.0,0,-0.95468075,0.0,-320.0,-200.0,
1516109794454,-0.06770833333333333,0.08333333333333333,5.18459375,-0.8999235,2.9095630919645585,-21.200000000000003,0.0,0,-0.8999235,0.0,-320.0,-200.0,
1516109794475,-0.044270833333333336,0.059895833333333336,4.75315625,-0.8427855,2.614987505835187,-19.900000000000002,0.0,0,-0.8427855,0.0,-320.0,-200.0,
1516109794495,-0.044270833333333336,0.059895833333333336,4.36215625,-0.7927897500000001,2.3418748770411177,-19.3125,0.0,0,-0.7927897500000001,0.0,-320.0,-200.0,
1516109794514,0.005208333333333334,0.010416666666666666,3.9951375000000002,-0.74993625,2.28701113125758,-18.575,0.0,0,-0.74993625,0.0,-320.0,-200.0,
1516109794559,0.005208333333333334,0.010416666666666666,3.2510687500000004,-0.657087,2.092185337346486,-14.975000000000001,0.0,0,-0.657087,0.0,-320.0,-200.0,
1516109794567,0.0078125,0.0078125,3.1280750000000004,-0.64042175,2.1379581298759613,-14.162500000000001,0.0,0,-0.64042175,0.0,-320.0,-200.0,
1516109794575,0.0078125,0.0078125,3.0177250000000004,-0.6237565,2.0488382099827884,-13.512500000000001,0.0,0,-0.6237565,0.0,-320.0,-200.0,
1516109794594,0.039308562874794006,-0.023683562874794006,2.782375,-0.60709125,0.7393777053126032,-11.625,0.0,0,-0.60709125,0.0,-320.0,-200.0,
1516109794615,0.07080462574958801,-0.05517962574958801,2.56053125,-0.5809030000000001,0.964085950747893,-9.662500000000001,0.0,0,-0.5809030000000001,0.0,-320.0,-200.0,
1516109794634,0.09705134232838948,-0.08142634232838948,2.3952750000000003,-0.57138,0.5888063115980561,-7.525,0.0,0,-0.5689992500000001,0.0,-320.0,-200.0,
1516109794658,0.11279937624931335,-0.09717437624931335,2.248225,-0.5570955,0.5684660430632578,-5.025,0.0,0,-0.5570955,0.0,-320.0,-200.0,
1516109794675,0.1311720808347066,-0.11554708083470662,2.17478125,-0.55471475,0.48207591822477813,-3.7375000000000003,0.0,0,-0.55471475,0.0,-320.0,-200.0,
1516109794695,0.16529281934102377,-0.14966781934102377,2.11330625,-0.55471475,0.48207591822477813,-2.375,0.0,0,-0.55471475,0.0,-320.0,-200.0,
1516109794715,0.1994135578473409,-0.1837885578473409,2.079125,-0.55947625,0.07389749332066918,-1.3125,0.0,0,-0.55947625,0.0,-320.0,-200.0,
1516109794736,0.20728756984074911,-0.19166256984074911,2.0676,-0.57852225,-1.3466923098679189,0.275,0.0,0,-0.57852225,0.0,-320.0,-200.0,
1516109794754,0.23353427648544312,-0.21790927648544312,2.0888250000000004,-0.58804525,-0.5682370807066118,1.875,0.0,0,-0.58804525,0.0,-320.0,-200.0,
1516109794774,0.24928232034047446,-0.23365732034047446,2.1466875,-0.6142335,-2.1376221955353034,4.2125,0.0,0,-0.61661425,0.0,-320.0,-200.0,
1516109794795,0.26765501499176025,-0.25203001499176025,2.2572125,-0.67851375,-3.483557083805831,6.3125,0.0,0,-0.67851375,0.0,-320.0,-200.0,
1516109794815,0.27552902698516846,-0.25990402698516846,2.4221875,-0.75945925,-4.915350469701663,9.3625,0.0,0,-0.75945925,0.0,-320.0,-200.0,
1516109794835,0.27552902698516846,-0.25990402698516846,2.645175,-0.82612025,-1.5606997992379237,12.9875,0.0,0,-0.82612025,0.0,-320.0,-200.0,
1516109794857,0.28340305884679157,-0.26777805884679157,2.973275,-0.8808775,-2.091473123593038,17.400000000000002,0.0,0,-0.8808775,0.0,-320.0,-200.0,
1516109794882,0.28340305884679157,-0.26777805884679157,3.4738812500000003,-0.9665845000000001,-3.6411256404374095,22.125,0.0,0,-0.9665845000000001,0.0,-320.0,-200.0,
1516109794895,0.28340305884679157,-0.26777805884679157,3.7918250000000002,-1.01658025,-3.7444951242529103,24.4875,0.0,0,-1.018961,0.0,-320.0,-200.0,
1516109794915,0.25978100299835205,-0.24415600299835205,4.3052,-1.10228725,-4.794703320494424,28.262500000000003,0.0,0,-1.10228725,0.0,-320.0,-200.0,
1516109794935,0.17579150199890137,-0.16016650199890137,4.928393750000001,-1.1951365,-4.227653104259617,31.9875,0.0,0,-1.19751725,0.0,-320.0,-200.0,
1516109794956,0.11279937624931335,-0.09717437624931335,5.611756250000001,-1.2808435,-2.136974620200615,33.525,0.0,0,-1.28322425,0.0,-320.0,-200.0,
1516109794975,0.11279937624931335,-0.09717437624931335,6.2584437500000005,-1.295128,-1.1845485020555147,32.9125,0.0,0,-1.295128,0.0,-320.0,-200.0,
1516109794995,0.013061843812465668,0.0025631561875343323,6.8948625,-1.34988525,-4.914716280029934,32.275,0.0,0,-1.34988525,0.0,-320.0,-200.0,
1516109795015,-0.033854166666666664,0.049479166666666664,7.52788125,-1.44987675,-4.91496993625971,31.225,0.0,0,-1.44987675,0.0,-320.0,-200.0,
1516109795035,-0.07552083333333333,0.09114583333333333,8.128187500000001,-1.542726,-4.680526884891379,30.225,0.0,0,-1.54510675,0.0,-320.0,-200.0,
1516109795064,-0.0859375,0.1015625,8.984475,-1.676048,-4.321564712288982,28.6125,0.0,0,-1.676048,0.0,-320.0,-200.0,
1516109795074,-0.0859375,0.1015625,9.2786,-1.68795175,-1.2140412159534935,27.4875,0.0,0,-1.68795175,0.0,-320.0,-200.0,
1516109795094,-0.0859375,0.1015625,9.80853125,-1.704617,-0.9640176343454693,25.1625,0.0,0,-1.704617,0.0,-320.0,-200.0,
1516109795124,-0.0859375,0.1015625,10.48429375,-1.7760395,-3.511430678466077,20.7875,0.0,0,-1.7760395,0.0,-320.0,-200.0,
1516109795149,-0.0859375,0.1015625,10.964962500000002,-1.85460425,1.1878508170138455,17.7875,0.0,0,-1.856985,0.0,-320.0,-200.0,
1516109795157,-0.0859375,0.1015625,11.113,-1.87365025,-2.0918406572285257,17.05,0.0,0,-1.87365025,0.0,-320.0,-200.0,
1516109795177,-0.0859375,0.1015625,11.430518750000001,-1.9022192500000001,-1.2604313499705508,14.850000000000001,0.0,0,-1.9022192500000001,0.0,-320.0,-200.0,
1516109795203,-0.0859375,0.1015625,11.785118750000002,-1.9260267500000001,-0.7930282135838247,12.262500000000001,0.0,0,-1.9260267500000001,0.0,-320.0,-200.0,
1516109795215,-0.125246062874794,0.062253937125205994,11.91694375,-1.9284075,-0.6106855543335717,10.950000000000001,0.0,0,-1.9284075,0.0,-320.0,-200.0,
1516109795243,-0.140994094312191,0.04650590568780899,12.19810625,-1.9284075,-0.6106855543335717,8.225,0.0,0,-1.9284075,0.0,-320.0,-200.0,
1516109795255,-0.140994094312191,0.04650590568780899,12.28578125,-1.9284075,-0.6106855543335717,7.025,0.0,0,-1.9284075,0.0,-320.0,-200.0,
1516109795274,-0.1724286451935768,0.030696354806423187,12.403525000000002,-1.9284075,-0.6106855543335717,4.9750000000000005,0.0,0,-1.9284075,0.0,-320.0,-200.0,
1516109795295,-0.18817667663097382,0.014948323369026184,12.4786625,-1.9284075,-0.6106855543335717,2.25,0.0,0,-1.9284075,0.0,-320.0,-200.0,
1516109795315,-0.21179872006177902,-0.008673720061779022,12.4933125,-1.9284075,-0.6106855543335717,-0.7000000000000001,0.0,0,-1.9284075,0.0,-320.0,-200.0,
1516109795335,-0.20398622006177902,-0.016486220061779022,12.458043750000002,-1.9284075,-0.6106855543335717,-2.7625,0.0,0,-1.9284075,0.0,-320.0,-200.0,
1516109795354,-0.20931758483250934,-0.0426509181658427,12.378475,-1.9284075,-0.6106855543335717,-5.0,0.0,0,-1.9284075,0.0,-320.0,-200.0,
1516109795374,-0.20931758483250934,-0.0426509181658427,12.266650000000002,-1.9284075,-0.6106855543335717,-6.575,0.0,0,-1.9284075,0.0,-320.0,-200.0,
1516109795394,-0.20931758483250934,-0.0426509181658427,12.12529375,-1.9284075,-0.6106855543335717,-7.375,0.0,0,-1.9284075,0.0,-320.0,-200.0,
1516109795415,-0.23293963571389514,-0.0662729690472285,11.95179375,-1.9284075,-0.6106855543335717,-9.2375,0.0,0,-1.9284075,0.0,-320.0,-200.0,
1516109795435,-0.24081364770730335,-0.0741469810406367,11.760556250000002,-1.9284075,-0.6106855543335717,-10.662500000000001,0.0,0,-1.9284075,0.0,-320.0,-200.0,
1516109795454,-0.24868765970071155,-0.0820209930340449,11.547868750000001,-1.923646,-0.018657352423143973,-11.3125,0.0,0,-1.923646,0.0,-320.0,-200.0,
1516109795475,-0.24868765970071155,-0.0820209930340449,11.2946875,-1.92126525,0.0,-12.700000000000001,0.0,0,-1.92126525,0.0,-320.0,-200.0,
1516109795494,-0.24868765970071155,-0.0820209930340449,11.038375,-1.92126525,0.0,-14.525,0.0,0,-1.92126525,0.0,-320.0,-200.0,
1516109795515,-0.27230971058209735,-0.10564304391543071,10.720831250000002,-1.92126525,0.0,-15.75,0.0,0,-1.92126525,0.0,-320.0,-200.0,
1516109795535,-0.27230971058209735,-0.10564304391543071,10.402393750000002,-1.923646,0.0,-16.9375,0.0,0,-1.923646,0.0,-320.0,-200.0,
1516109795555,-0.28811926146348316,-0.13707759479681653,10.036468750000001,-1.9260267500000001,0.0,-19.212500000000002,0.0,0,-1.9260267500000001,0.0,-320.0,-200.0,
1516109795582,-0.28811926146348316,-0.13707759479681653,9.463675000000002,-1.9284075,0.0,-22.9125,0.0,0,-1.9284075,0.0,-320.0,-200.0,
1516109795594,-0.28811926146348316,-0.13707759479681653,9.18119375,-1.9284075,0.0,-24.075000000000003,0.0,0,-1.9284075,0.0,-320.0,-200.0,
1516109795623,-0.29599327345689136,-0.14495160679022473,8.403075000000001,-1.93078825,-0.029561956558855393,-28.9125,0.0,0,-1.93078825,0.0,-320.0,-200.0,
1516109795640,-0.30386728545029956,-0.15282561878363293,7.894843750000001,-1.93554975,-0.11858546702289212,-31.0,0.0,0,-1.93554975,0.0,-320.0,-200.0,
1516109795655,-0.31967683633168537,-0.18426016966501874,7.42890625,-1.9379305,-0.146508706598738,-33.35,0.0,0,-1.9379305,0.0,-320.0,-200.0,
1516109795677,-0.31186433633168537,-0.1920726696650187,6.6655375,-1.94507275,-0.24146241586658843,-35.825,0.0,0,-1.94507275,0.0,-320.0,-200.0,
1516109795694,-0.30405183633168537,-0.1998851696650187,6.037375,-1.94983425,-0.3751760546040126,-38.6625,0.0,0,-1.94983425,0.0,-320.0,-200.0,
1516109795714,-0.30405183633168537,-0.1998851696650187,5.234856250000001,-1.952215,-0.27079056171340504,-40.1875,0.0,0,-1.952215,0.0,-320.0,-200.0,
1516109795734,-0.2070209930340449,-0.12368765970071158,4.41390625,-1.9569765000000001,-0.18976640379413245,-42.125,0.0,0,-1.9569765000000001,0.0,-320.0,-200.0,
1516109795755,-0.10478182385365169,-0.052698490520318345,3.5378937500000003,-1.9641187500000001,-0.2761490503117297,-42.9375,0.0,0,-1.9641187500000001,0.0,-320.0,-200.0,
1516109795775,-0.07086614519357681,-0.07086614519357681,2.6967562500000004,-1.9641187500000001,-0.2761490503117297,-43.087500000000006,0.0,0,-1.9641187500000001,0.0,-320.0,-200.0,
1516109795795,-0.03412073478102684,-0.06036745384335518,1.8158312500000002,-1.9641187500000001,-0.2761490503117297,-43.087500000000006,0.0,0,-1.9641187500000001,0.0,-320.0,-200.0,
1516109795815,0.005249343812465668,-0.02099737524986267,0.9479812500000001,-1.95935725,-0.058484524293524395,-41.925000000000004,0.0,0,-1.95935725,0.0,-320.0,-200.0,
1516109795841,0.0,-0.0,-0.1264875,-1.95459575,0.05381502955503566,-39.987500000000004,0.0,0,-1.95459575,0.0,-320.0,-200.0,
1516109795892,0.0078125,0.0078125,-1.9393062500000002,-1.9284075,0.42754747222602596,-32.7125,0.0,0,-1.9284075,0.0,-320.0,-200.0,
1516109795901,0.0078125,0.0078125,-2.21005625,-1.91650375,1.2291151738869495,-31.1125,0.0,0,-1.91650375,0.0,-320.0,-200.0,
1516109795915,0.0078125,0.0078125,-2.62276875,-1.91174225,0.8059990774556396,-29.1875,0.0,0,-1.91174225,0.0,-320.0,-200.0,
1516109795935,0.0078125,0.0078125,-3.16415625,-1.91650375,0.13341552428252207,-25.875,0.0,0,-1.91650375,0.0,-320.0,-200.0,
1516109795974,0.0078125,0.0078125,-4.12669375,-1.97364175,-1.310678943529185,-23.0625,0.0,0,-1.97364175,0.0,-320.0,-200.0,
1516109795993,0.0078125,0.0078125,-4.555537500000001,-1.9879262500000001,-0.7123142171125955,-21.575000000000003,0.0,0,-1.9879262500000001,0.0,-320.0,-200.0,
1516109796002,0.0078125,0.0078125,-4.7486250000000005,-1.99268775,-0.5616864158355108,-21.400000000000002,0.0,0,-1.99268775,0.0,-320.0,-200.0,
1516109796015,0.013061843812465668,0.0025631561875343323,-5.04184375,-1.99744925,-0.4818734519252421,-20.712500000000002,0.0,0,-1.99983,0.0,-320.0,-200.0,
1516109796035,0.039308562874794006,-0.023683562874794006,-5.421412500000001,-2.00221075,-0.4201493442749523,-19.475,0.0,0,-2.00221075,0.0,-320.0,-200.0,
1516109796054,0.039308562874794006,-0.023683562874794006,-5.7881687500000005,-2.00221075,-0.4201493442749523,-18.0,0.0,0,-2.00221075,0.0,-320.0,-200.0,
1516109796094,0.07080462574958801,-0.05517962574958801,-6.4561625000000005,-1.980784,0.5258159450938386,-14.950000000000001,0.0,0,-1.980784,0.0,-320.0,-200.0,
1516109796112,0.1311720808347066,-0.11554708083470662,-6.71125,-1.9664995,0.8193836768584126,-14.05,0.0,0,-1.9664995,0.0,-320.0,-200.0,
1516109796120,0.1469201147556305,-0.1312951147556305,-6.821375,-1.95935725,0.9639249347126344,-13.625,0.0,0,-1.95935725,0.0,-320.0,-200.0,
1516109796137,0.18366551399230957,-0.16804051399230957,-7.0485625,-1.9403112500000002,1.0349793232367694,-12.075000000000001,0.0,0,-1.9403112500000002,0.0,-320.0,-200.0,
1516109796155,0.19153952598571777,-0.17591452598571777,-7.238031250000001,-1.93078825,0.9103771330242341,-9.35,0.0,0,-1.93078825,0.0,-320.0,-200.0,
1516109796175,0.20728756984074911,-0.19166256984074911,-7.38871875,-1.9379305,0.0,-5.45,0.0,0,-1.9379305,0.0,-320.0,-200.0,
1516109796194,0.2177862524986267,-0.2021612524986267,-7.4554625,-1.9379305,0.0,-1.8625,0.0,0,-1.9403112500000002,0.0,-320.0,-200.0,
1516109796214,0.23353427648544312,-0.21790927648544312,-7.4451937500000005,-1.94507275,-0.18796124323246757,2.2625,0.0,0,-1.9474535,0.0,-320.0,-200.0,
1516109796235,0.23353427648544312,-0.21790927648544312,-7.377993750000001,-1.990307,-3.1710037793650003,4.4625,0.0,0,-1.990307,0.0,-320.0,-200.0,
1516109796255,0.2177862524986267,-0.2021612524986267,-7.2641625,-2.06887175,-4.310902876802246,6.8125,0.0,0,-2.06887175,0.0,-320.0,-200.0,
1516109796275,0.20728756984074911,-0.19166256984074911,-7.0991625,-2.133152,-2.18402403504346,8.7875,0.0,0,-2.133152,0.0,-320.0,-200.0,
1516109796297,0.17579150199890137,-0.16016650199890137,-6.88158125,-2.152198,-0.6554341915990447,11.15,0.0,0,-2.152198,0.0,-320.0,-200.0,
1516109796315,0.12329806884129842,-0.10767306884129842,-6.6684937500000006,-2.16410175,-0.5227692552610416,11.775,0.0,0,-2.16410175,0.0,-320.0,-200.0,
1516109796335,0.12329806884129842,-0.10767306884129842,-6.42450625,-2.161721,-0.5227692552610416,12.425,0.0,0,-2.161721,0.0,-320.0,-200.0,
1516109796355,0.11279937624931335,-0.09717437624931335,-6.1762250000000005,-2.14505575,0.8938552729764359,12.4,0.0,0,-2.14505575,0.0,-320.0,-200.0,
1516109796374,0.11279937624931335,-0.09717437624931335,-5.943793750000001,-2.1379135000000002,0.6223003482999955,12.1125,0.0,0,-2.1379135000000002,0.0,-320.0,-200.0,
1516109796395,0.1311720808347066,-0.11554708083470662,-5.69601875,-2.14505575,0.0,11.65,0.0,0,-2.14505575,0.0,-320.0,-200.0,
1516109796415,0.1311720808347066,-0.11554708083470662,-5.462,-2.16410175,-0.9732342691289642,11.125,0.0,0,-2.16410175,0.0,-320.0,-200.0,
1516109796436,0.1311720808347066,-0.11554708083470662,-5.241268750000001,-2.180767,-0.8331182664001295,10.125,0.0,0,-2.18314775,0.0,-320.0,-200.0,
1516109796458,0.1311720808347066,-0.11554708083470662,-5.0241875,-2.19743225,-0.6261671181715368,9.512500000000001,0.0,0,-2.19743225,0.0,-320.0,-200.0,
1516109796496,0.10492536425590515,-0.08930036425590515,-4.686775000000001,-2.20695525,-0.3498485508084944,7.775,0.0,0,-2.20695525,0.0,-320.0,-200.0,
1516109796504,0.05505659679571787,-0.03943159679571787,-4.6221125,-2.209336,-0.26356831589450075,7.4750000000000005,0.0,0,-2.209336,0.0,-320.0,-200.0,
1516109796515,0.05505659679571787,-0.03943159679571787,-4.545275000000001,-2.209336,-0.26356831589450075,7.2625,0.0,0,-2.209336,0.0,-320.0,-200.0,
1516109796536,0.10492536425590515,-0.08930036425590515,-4.40796875,-2.209336,-0.26356831589450075,5.4375,0.0,0,-2.209336,0.0,-320.0,-200.0,
1516109796554,0.13904609282811484,-0.12342109282811484,-4.314150000000001,-2.209336,-0.26356831589450075,4.3375,0.0,0,-2.209336,0.0,-320.0,-200.0,
1516109796575,0.1994135578473409,-0.1837885578473409,-4.2445,-2.20695525,-0.26356831589450075,2.475,0.0,0,-2.20695525,0.0,-320.0,-200.0,
1516109796594,0.24140830834706625,-0.22578330834706625,-4.207525,-2.1950515,0.6302990991945039,1.2625000000000002,0.0,0,-2.1950515,0.0,-320.0,-200.0,
1516109796614,0.25978100299835205,-0.24415600299835205,-4.191212500000001,-2.22123975,-4.0290235234388225,0.675,0.0,0,-2.22123975,0.0,-320.0,-200.0,
1516109796636,0.27552902698516846,-0.25990402698516846,-4.16759375,-2.333135,-3.8755494058277713,1.3250000000000002,0.0,0,-2.33551575,0.0,-320.0,-200.0,
1516109796654,0.29127707084019977,-0.27565207084019977,-4.123775,-2.361704,-1.4532497062369334,4.0625,0.0,0,-2.361704,0.0,-320.0,-200.0,
1516109796674,0.3096497654914856,-0.2940247654914856,-3.9819250000000004,-2.3950345,-1.7870815192913978,9.925,0.0,0,-2.3950345,0.0,-320.0,-200.0,
1516109796694,0.3175237774848938,-0.3018987774848938,-3.72761875,-2.437888,-2.5206792043303907,16.3875,0.0,0,-2.437888,0.0,-320.0,-200.0,
1516109796715,0.3253978093465169,-0.3097728093465169,-3.3329437500000005,-2.48788375,-2.7462402491600946,21.587500000000002,0.0,0,-2.48788375,0.0,-320.0,-200.0,
1516109796735,0.3253978093465169,-0.3097728093465169,-2.8467312500000004,-2.5569255,-4.311781218871684,27.85,0.0,0,-2.5569255,0.0,-320.0,-200.0,
1516109796795,0.3253978093465169,-0.3097728093465169,-0.6388375000000001,-2.86880375,-6.145853501129397,44.8125,0.0,0,-2.8711845,0.0,-320.0,-200.0,
1516109796812,0.3253978093465169,-0.3097728093465169,0.2008375,-2.9949835,-8.194295056576173,50.2875,0.0,0,-2.99736425,0.0,-320.0,-200.0,
1516109796820,0.23353427648544312,-0.21790927648544312,0.60880625,-3.06878675,-9.366578144978854,51.6625,0.0,0,-3.0711675,0.0,-320.0,-200.0,
1516109796838,0.18366551399230957,-0.16804051399230957,1.5418500000000002,-3.2140125,-7.865047902213413,55.3875,0.0,0,-3.2140125,0.0,-320.0,-200.0,
1516109796854,0.12329806884129842,-0.10767306884129842,2.4519,-3.33066925,-5.175684121851138,55.625,0.0,0,-3.33066925,0.0,-320.0,-200.0,
1516109796892,0.013061843812465668,0.0025631561875343323,4.4917750000000005,-3.5473175,-8.939685519831025,54.625,0.0,0,-3.5473175,0.0,-320.0,-200.0,
1516109796900,0.0078125,0.0078125,4.955287500000001,-3.62112075,-8.735895789377123,54.4125,0.0,0,-3.62112075,0.0,-320.0,-200.0,
1516109796916,0.0078125,0.0078125,5.813356250000001,-3.7473005,-8.192180308830487,53.1875,0.0,0,-3.74968125,0.0,-320.0,-200.0,
1516109796934,0.0078125,0.0078125,6.76635,-3.83062675,-1.9664852921437646,52.712500000000006,0.0,0,-3.83062675,0.0,-320.0,-200.0,
1516109796954,0.0078125,0.0078125,7.8178625,-3.8830032500000002,-3.6755567563394966,49.725,0.0,0,-3.8830032500000002,0.0,-320.0,-200.0,
1516109796975,0.005208333333333334,0.010416666666666666,8.7523125,-4.02584825,-8.193237546244516,43.5125,0.0,0,-4.0282290000000005,0.0,-320.0,-200.0,
1516109796996,0.005208333333333334,0.010416666666666666,9.63200625,-4.17821625,-5.7827301433082345,39.25,0.0,0,-4.17821625,0.0,-320.0,-200.0,
1516109797015,0.005208333333333334,0.010416666666666666,10.374512500000002,-4.27344625,-4.274620702037885,36.8125,0.0,0,-4.2758270000000005,0.0,-320.0,-200.0,
1516109797035,0.005208333333333334,0.010416666666666666,11.06059375,-4.3472495,-3.2557264957264955,33.4625,0.0,0,-4.3472495,0.0,-320.0,-200.0,
1516109797056,0.005208333333333334,0.010416666666666666,11.709700000000002,-4.418672,-2.8913211786316095,30.462500000000002,0.0,0,-4.418672,0.0,-320.0,-200.0,
1516109797074,0.005208333333333334,0.010416666666666666,12.27419375,-4.4710485,-2.587455338341779,28.450000000000003,0.0,0,-4.47342925,0.0,-320.0,-200.0,
1516109797110,0.005208333333333334,0.010416666666666666,13.230356250000002,-4.55913625,-2.286489471535931,24.012500000000003,0.0,0,-4.55913625,0.0,-320.0,-200.0,
1516109797119,0.005208333333333334,0.010416666666666666,13.444137500000002,-4.57818225,-2.234580502856875,23.175,0.0,0,-4.57818225,0.0,-320.0,-200.0,
1516109797135,0.005208333333333334,0.010416666666666666,13.79203125,-4.6138935000000005,-2.1372863667478375,21.3,0.0,0,-4.6138935000000005,0.0,-320.0,-200.0,
1516109797155,0.005208333333333334,0.010416666666666666,14.19908125,-4.6424625,-1.3657060498067535,19.1125,0.0,0,-4.6424625,0.0,-320.0,-200.0,
1516109797174,0.005208333333333334,0.010416666666666666,14.54995,-4.67341225,-1.6386616076882705,17.05,0.0,0,-4.67341225,0.0,-320.0,-200.0,
1516109797195,0.005208333333333334,0.010416666666666666,14.8751625,-4.694839,-0.792797142833357,14.925,0.0,0,-4.694839,0.0,-320.0,-200.0,
1516109797215,0.005208333333333334,0.010416666666666666,15.144212500000002,-4.70198125,-0.4468196416715738,12.4,0.0,0,-4.70198125,0.0,-320.0,-200.0,
1516109797236,0.005208333333333334,0.010416666666666666,15.3762875,-4.70674275,-0.32550254133297785,10.025,0.0,0,-4.7091235000000005,0.0,-320.0,-200.0,
1516109797255,-0.010416666666666668,0.026041666666666668,15.5456625,-4.7091235000000005,-0.3024610092726548,8.0625,0.0,0,-4.7091235000000005,0.0,-320.0,-200.0,
1516109797275,-0.052083333333333336,0.06770833333333334,15.68323125,-4.7091235000000005,-0.3024610092726548,5.8125,0.0,0,-4.7091235000000005,0.0,-320.0,-200.0,
1516109797303,-0.052083333333333336,0.06770833333333334,15.818168750000002,-4.7091235000000005,-0.3024610092726548,3.475,0.0,0,-4.7091235000000005,0.0,-320.0,-200.0,
1516109797315,-0.05989583333333333,0.07552083333333333,15.857431250000001,-4.7091235000000005,-0.3024610092726548,2.7875,0.0,0,-4.7091235000000005,0.0,-320.0,-200.0,
1516109797335,-0.05989583333333333,0.07552083333333333,15.897075000000001,-4.7091235000000005,-0.3024610092726548,1.2750000000000001,0.0,0,-4.7091235000000005,0.0,-320.0,-200.0,
1516109797355,-0.05989583333333333,0.07552083333333333,15.90940625,-4.7091235000000005,-0.3024610092726548,0.15000000000000002,0.0,0,-4.7091235000000005,0.0,-320.0,-200.0,
1516109797375,-0.05989583333333333,0.07552083333333333,15.893368750000002,-4.7091235000000005,-0.3024610092726548,-1.6,0.0,0,-4.7091235000000005,0.0,-320.0,-200.0,
1516109797395,-0.06770833333333333,0.08333333333333333,15.85901875,-4.7091235000000005,-0.3024610092726548,-2.0500000000000003,0.0,0,-4.7091235000000005,0.0,-320.0,-200.0,
1516109797416,-0.06770833333333333,0.08333333333333333,15.8037875,-4.7091235000000005,-0.3024610092726548,-2.8000000000000003,0.0,0,-4.7091235000000005,0.0,-320.0,-200.0,
1516109797452,-0.06770833333333333,0.08333333333333333,15.71003125,-4.67817375,0.9021666019307105,-2.9125,0.0,0,-4.67817375,0.0,-320.0,-200.0,
1516109797469,-0.06770833333333333,0.08333333333333333,15.657268750000002,-4.66388925,0.7994593596265888,-3.0375,0.0,0,-4.66388925,0.0,-320.0,-200.0,
1516109797478,-0.06770833333333333,0.08333333333333333,15.629912500000001,-4.65912775,0.7177581645650717,-3.475,0.0,0,-4.65912775,0.0,-320.0,-200.0,
1516109797495,-0.06770833333333333,0.08333333333333333,15.57604375,-4.64960475,0.4916771648664836,-3.3875,0.0,0,-4.64960475,0.0,-320.0,-200.0,
1516109797515,-0.06770833333333333,0.08333333333333333,15.50575,-4.6472240000000005,0.3886510466193522,-3.5500000000000003,0.0,0,-4.6472240000000005,0.0,-320.0,-200.0,
1516109797535,-0.06770833333333333,0.08333333333333333,15.437918750000001,-4.6472240000000005,0.3886510466193522,-3.3000000000000003,0.0,0,-4.6472240000000005,0.0,-320.0,-200.0,
1516109797563,-0.06770833333333333,0.08333333333333333,15.3389375,-4.6472240000000005,0.3886510466193522,-3.6750000000000003,0.0,0,-4.6472240000000005,0.0,-320.0,-200.0,
1516109797575,-0.06770833333333333,0.08333333333333333,15.30009375,-4.6519855,0.053065045497857455,-3.2375000000000003,0.0,0,-4.6519855,0.0,-320.0,-200.0,
1516109797594,-0.06770833333333333,0.08333333333333333,15.23866875,-4.656747,-0.051996455308328665,-3.2625,0.0,0,-4.656747,0.0,-320.0,-200.0,
1516109797623,-0.06770833333333333,0.08333333333333333,15.15378125,-4.66388925,-0.2723284756697399,-2.8125,0.0,0,-4.66388925,0.0,-320.0,-200.0,
1516109797653,-0.05989583333333333,0.07552083333333333,15.073425000000002,-4.66865075,-0.2204342019068959,-2.4125,0.0,0,-4.66865075,0.0,-320.0,-200.0,
1516109797662,-0.06770833333333333,0.08333333333333333,15.05139375,-4.66865075,-0.2204342019068959,-2.5625,0.0,0,-4.66865075,0.0,-320.0,-200.0,
1516109797674,-0.06770833333333333,0.08333333333333333,15.021225000000001,-4.66865075,-0.2204342019068959,-2.3875,0.0,0,-4.66865075,0.0,-320.0,-200.0,
1516109797695,-0.06770833333333333,0.08333333333333333,14.969100000000001,-4.66865075,-0.2204342019068959,-2.6,0.0,0,-4.66865075,0.0,-320.0,-200.0,
1516109797715,-0.06770833333333333,0.08333333333333333,14.923556250000003,-4.66865075,-0.2204342019068959,-2.2375000000000003,0.0,0,-4.66865075,0.0,-320.0,-200.0,
1516109797737,-0.06770833333333333,0.08333333333333333,14.879206250000001,-4.66865075,-0.2204342019068959,-1.9875,0.0,0,-4.66865075,0.0,-320.0,-200.0,
1516109797755,-0.06770833333333333,0.08333333333333333,14.846425000000002,-4.66865075,-0.2204342019068959,-1.8125,0.0,0,-4.66865075,0.0,-320.0,-200.0,
1516109797774,-0.06770833333333333,0.08333333333333333,14.8133125,-4.66865075,-0.2204342019068959,-1.675,0.0,0,-4.66865075,0.0,-320.0,-200.0,
1516109797795,-0.06770833333333333,0.08333333333333333,14.779043750000001,-4.66865075,-0.2204342019068959,-1.75,0.0,0,-4.66865075,0.0,-320.0,-200.0,
1516109797815,-0.06770833333333333,0.08333333333333333,14.74696875,-4.66865075,-0.2204342019068959,-1.7750000000000001,0.0,0,-4.66865075,0.0,-320.0,-200.0,
1516109797845,-0.06770833333333333,0.08333333333333333,14.70239375,-4.66865075,-0.2204342019068959,-1.625,0.0,0,-4.66865075,0.0,-320.0,-200.0,
1516109797855,-0.06770833333333333,0.08333333333333333,14.68815625,-4.66865075,-0.2204342019068959,-1.2750000000000001,0.0,0,-4.66865075,0.0,-320.0,-200.0,
1516109797874,-0.06770833333333333,0.08333333333333333,14.664262500000001,-4.66865075,-0.2204342019068959,-1.3,0.0,0,-4.66865075,0.0,-320.0,-200.0,
1516109797899,-0.05989583333333333,0.07552083333333333,14.63845625,-4.66865075,-0.2204342019068959,-1.2875,0.0,0,-4.66865075,0.0,-320.0,-200.0,
1516109797914,-0.05989583333333333,0.07552083333333333,14.6261375,-4.66865075,-0.2204342019068959,-0.8,0.0,0,-4.66865075,0.0,-320.0,-200.0,
1516109797935,-0.052083333333333336,0.06770833333333334,14.612337500000002,-4.66865075,-0.2204342019068959,-0.5125000000000001,0.0,0,-4.66865075,0.0,-320.0,-200.0,
1516109797964,-0.044270833333333336,0.059895833333333336,14.600912500000002,-4.66865075,-0.2204342019068959,-0.21250000000000002,0.0,0,-4.66865075,0.0,-320.0,-200.0,
1516109797975,-0.044270833333333336,0.059895833333333336,14.599275000000002,-4.66865075,-0.2204342019068959,-0.1375,0.0,0,-4.66865075,0.0,-320.0,-200.0,
1516109797995,-0.033854166666666664,0.049479166666666664,14.5974125,-4.66865075,-0.2204342019068959,-0.1625,0.0,0,-4.66865075,0.0,-320.0,-200.0,
1516109798015,0.005208333333333334,0.010416666666666666,14.59644375,-4.66865075,-0.2204342019068959,0.125,0.0,0,-4.66865075,0.0,-320.0,-200.0,
1516109798036,0.005208333333333334,0.010416666666666666,14.596418750000002,-4.66865075,-0.2204342019068959,0.375,0.0,0,-4.66865075,0.0,-320.0,-200.0,
1516109798055,0.005208333333333334,0.010416666666666666,14.598587500000002,-4.66865075,0.0,0.1375,0.0,0,-4.66865075,0.0,-320.0,-200.0,
1516109798075,0.005208333333333334,0.010416666666666666,14.602018750000001,-4.66865075,0.0,0.2625,0.0,0,-4.66865075,0.0,-320.0,-200.0,
1516109798094,0.005208333333333334,0.010416666666666666,14.59981875,-4.66865075,0.0,-0.05,0.0,0,-4.66865075,0.0,-320.0,-200.0,
1516109798115,0.005208333333333334,0.010416666666666666,14.60075,-4.66865075,0.0,-0.1625,0.0,0,-4.66865075,0.0,-320.0,-200.0,
1516109798137,0.005208333333333334,0.010416666666666666,14.60028125,-4.66865075,0.0,-0.05,0.0,0,-4.66865075,0.0,-320.0,-200.0,
1516109798155,0.005208333333333334,0.010416666666666666,14.60056875,-4.66865075,0.0,-0.0125,0.0,0,-4.66865075,0.0,-320.0,-200.0,
1516109798175,0.005208333333333334,0.010416666666666666,14.60051875,-4.66865075,0.0,0.325,0.0,0,-4.66865075,0.0,-320.0,-200.0,
1516109798195,0.005208333333333334,0.010416666666666666,14.602081250000001,-4.66865075,0.0,-0.025,0.0,0,-4.66865075,0.0,-320.0,-200.0,
1516109798227,0.005208333333333334,0.010416666666666666,14.602568750000001,-4.66865075,0.0,0.15000000000000002,0.0,0,-4.66865075,0.0,-320.0,-200.0,
1516109798236,0.005208333333333334,0.010416666666666666,14.602662500000001,-4.66865075,0.0,-0.1125,0.0,0,-4.66865075,0.0,-320.0,-200.0,
1516109798255,0.005208333333333334,0.010416666666666666,14.601425,-4.66865075,0.0,-0.08750000000000001,0.0,0,-4.66865075,0.0,-320.0,-200.0,
1516109798274,0.005208333333333334,0.010416666666666666,14.60285,-4.66865075,0.0,-0.037500000000000006,0.0,0,-4.66865075,0.0,-320.0,-200.0,
1516109798295,0.005208333333333334,0.010416666666666666,14.604425,-4.66865075,0.0,0.1125,0.0,0,-4.66865075,0.0,-320.0,-200.0,
1516109798315,0.0078125,0.0078125,14.605212500000002,-4.66865075,0.0,-0.4,0.0,0,-4.66865075,0.0,-320.0,-200.0,
1516109798338,0.0078125,0.0078125,14.6016875,-4.66865075,0.0,-0.17500000000000002,0.0,0,-4.66865075,0.0,-320.0,-200.0,
1516109798355,0.0078125,0.0078125,14.601543750000001,-4.66865075,0.0,0.17500000000000002,0.0,0,-4.66865075,0.0,-320.0,-200.0,
1516109798374,0.0078125,0.0078125,14.603462500000001,-4.66865075,0.0,0.037500000000000006,0.0,0,-4.66865075,0.0,-320.0,-200.0,
1516109798394,0.0078125,0.0078125,14.602125000000001,-4.66865075,0.0,0.0625,0.0,0,-4.66865075,0.0,-320.0,-200.0,
1516109798415,0.0078125,0.0078125,14.602725000000001,-4.66865075,0.0,0.07500000000000001,0.0,0,-4.66865075,0.0,-320.0,-200.0,
1516109798436,0.0078125,0.0078125,14.60225625,-4.66865075,0.0,0.125,0.0,0,-4.66865075,0.0,-320.0,-200.0,
1516109798454,0.0078125,0.0078125,14.60285,-4.66865075,0.0,0.25,0.0,0,-4.66865075,0.0,-320.0,-200.0,
1516109798474,0.0078125,0.0078125,14.604681250000002,-4.66865075,0.0,-0.07500000000000001,0.0,0,-4.66865075,0.0,-320.0,-200.0,
1516109798494,0.0078125,0.0078125,14.60629375,-4.66865075,0.0,0.1625,0.0,0,-4.66865075,0.0,-320.0,-200.0,
1516109798515,0.0078125,0.0078125,14.608456250000001,-4.66865075,0.0,0.2625,0.0,0,-4.66865075,0.0,-320.0,-200.0,
1516109798536,0.0078125,0.0078125,14.607400000000002,-4.66865075,0.0,-0.07500000000000001,0.0,0,-4.66865075,0.0,-320.0,-200.0,
1516109798555,0.0078125,0.0078125,14.60428125,-4.66865075,0.0,-0.35000000000000003,0.0,0,-4.66865075,0.0,-320.0,-200.0,
1516109798574,0.0078125,0.0078125,14.60465625,-4.66865075,0.0,0.17500000000000002,0.0,0,-4.66865075,0.0,-320.0,-200.0,
1516109798603,0.0078125,0.0078125,14.608243750000002,-4.66865075,0.0,0.025,0.0,0,-4.66865075,0.0,-320.0,-200.0,
1516109798615,0.0078125,0.0078125,14.608068750000001,-4.66865075,0.0,-0.17500000000000002,0.0,0,-4.66865075,0.0,-320.0,-200.0,
1516109798638,0.0078125,0.0078125,14.6032375,-4.66865075,0.0,0.1375,0.0,0,-4.66865075,0.0,-320.0,-200.0,
1516109798657,0.0078125,0.0078125,14.606175000000002,-4.66865075,0.0,-0.05,0.0,0,-4.66865075,0.0,-320.0,-200.0,
1516109798685,0.0078125,0.0078125,14.605418750000002,-4.66865075,0.0,-0.037500000000000006,0.0,0,-4.66865075,0.0,-320.0,-200.0,
1516109798694,0.0078125,0.0078125,14.604575,-4.66865075,0.0,-0.225,0.0,0,-4.66865075,0.0,-320.0,-200.0,
1516109798714,0.0078125,0.0078125,14.605287500000001,-4.66865075,0.0,0.1375,0.0,0,-4.66865075,0.0,-320.0,-200.0,
1516109798742,0.0078125,0.0078125,14.604150000000002,-4.66865075,0.0,0.05,0.0,0,-4.66865075,0.0,-320.0,-200.0,
1516109798755,0.0078125,0.0078125,14.6054875,-4.66865075,0.0,-0.1125,0.0,0,-4.66865075,0.0,-320.0,-200.0,
1516109798775,0.0078125,0.0078125,14.60334375,-4.66865075,0.0,0.1125,0.0,0,-4.66865075,0.0,-320.0,-200.0,
1516109798802,0.0078125,0.0078125,14.60559375,-4.66865075,0.0,0.05,0.0,0,-4.66865075,0.0,-320.0,-200.0,
1516109798814,0.0078125,0.0078125,14.603625000000001,-4.66865075,0.0,0.025,0.0,0,-4.66865075,0.0,-320.0,-200.0,
1516109798836,0.0078125,0.0078125,14.601825000000002,-4.66865075,0.0,-0.07500000000000001,0.0,0,-4.66865075,0.0,-320.0,-200.0,
1516109798862,0.0078125,0.0078125,14.59948125,-4.66865075,0.0,-0.1125,0.0,0,-4.66865075,0.0,-320.0,-200.0,
1516109798874,0.0078125,0.0078125,14.60265625,-4.66865075,0.0,0.2,0.0,0,-4.66865075,0.0,-320.0,-200.0,
1516109798903,0.0078125,0.0078125,14.607318750000001,-4.66865075,0.0,0.1375,0.0,0,-4.66865075,0.0,-320.0,-200.0,
1516109798920,0.0078125,0.0078125,14.610018750000002,-4.66865075,0.0,0.225,0.0,0,-4.66865075,0.0,-320.0,-200.0,
1516109798935,0.0078125,0.0078125,14.61028125,-4.66865075,0.0,-0.05,0.0,0,-4.66865075,0.0,-320.0,-200.0,
1516109798962,0.0078125,0.0078125,14.61121875,-4.66865075,0.0,-0.225,0.0,0,-4.66865075,0.0,-320.0,-200.0,
1516109798975,0.0078125,0.0078125,14.61014375,-4.66865075,0.0,-0.08750000000000001,0.0,0,-4.66865075,0.0,-320.0,-200.0,
1516109799003,0.0078125,0.0078125,14.60756875,-4.66865075,0.0,0.125,0.0,0,-4.66865075,0.0,-320.0,-200.0,
1516109799017,0.0078125,0.0078125,14.6083125,-4.66865075,0.0,-0.025,0.0,0,-4.66865075,0.0,-320.0,-200.0,
1516109799038,0.0078125,0.0078125,14.610556250000002,-4.66865075,0.0,-0.07500000000000001,0.0,0,-4.66865075,0.0,-320.0,-200.0,
1516109799073,0.0078125,0.0078125,14.60965625,-4.66865075,0.0,-0.0625,0.0,0,-4.66865075,0.0,-320.0,-200.0,
1516109799081,0.0078125,0.0078125,14.609306250000001,-4.66865075,0.0,-0.1125,0.0,0,-4.66865075,0.0,-320.0,-200.0,
1516109799094,0.0078125,0.0078125,14.607700000000001,-4.66865075,0.0,-0.1625,0.0,0,-4.66865075,0.0,-320.0,-200.0,
1516109799115,0.0078125,0.0078125,14.609487500000002,-4.66865075,0.0,0.275,0.0,0,-4.66865075,0.0,-320.0,-200.0,
1516109799139,0.0078125,0.0078125,14.6156,-4.66865075,0.0,0.325,0.0,0,-4.66865075,0.0,-320.0,-200.0,
1516109799157,0.0078125,0.0078125,14.61758125,-4.66865075,0.0,0.0625,0.0,0,-4.66865075,0.0,-320.0,-200.0,
1516109799175,0.0078125,0.0078125,14.6191625,-4.66865075,0.0,0.08750000000000001,0.0,0,-4.66865075,0.0,-320.0,-200.0,
1516109799195,0.0078125,0.0078125,14.6210125,-4.66865075,0.0,0.05,0.0,0,-4.66865075,0.0,-320.0,-200.0,
1516109799215,0.0078125,0.0078125,14.6164375,-4.66865075,0.0,-0.1,0.0,0,-4.66865075,0.0,-320.0,-200.0,
1516109799237,0.0078125,0.0078125,14.615518750000001,-4.66865075,0.0,-0.07500000000000001,0.0,0,-4.66865075,0.0,-320.0,-200.0,
1516109799259,0.0078125,0.0078125,14.614875,-4.66865075,0.0,0.1125,0.0,0,-4.66865075,0.0,-320.0,-200.0,
1516109799277,0.0078125,0.0078125,14.615662500000001,-4.66865075,0.0,-0.0125,0.0,0,-4.66865075,0.0,-320.0,-200.0,
1516109799297,0.0078125,0.0078125,14.616393750000002,-4.66865075,0.0,0.1625,0.0,0,-4.66865075,0.0,-320.0,-200.0,
1516109799315,0.0078125,0.0078125,14.618143750000002,-4.66865075,0.0,0.1125,0.0,0,-4.66865075,0.0,-320.0,-200.0,
1516109799339,0.0078125,0.0078125,14.619850000000001,-4.66865075,0.0,0.0625,0.0,0,-4.66865075,0.0,-320.0,-200.0,
1516109799355,0.0078125,0.0078125,14.621818750000001,-4.66865075,0.0,0.21250000000000002,0.0,0,-4.66865075,0.0,-320.0,-200.0,
1516109799387,0.0078125,0.0078125,14.62359375,-4.66865075,0.0,0.375,0.0,0,-4.66865075,0.0,-320.0,-200.0,
1516109799396,0.0078125,0.0078125,14.62521875,-4.66865075,0.0,0.0,0.0,0,-4.66865075,0.0,-320.0,-200.0,
1516109799414,0.0078125,0.0078125,14.626400000000002,-4.66865075,0.0,0.1125,0.0,0,-4.66865075,0.0,-320.0,-200.0,
1516109799438,0.0078125,0.0078125,14.62666875,-4.66865075,0.0,0.1125,0.0,0,-4.66865075,0.0,-320.0,-200.0,
1516109799468,0.0078125,0.0078125,14.627143750000002,-4.66865075,0.0,0.1,0.0,0,-4.66865075,0.0,-320.0,-200.0,
1516109799477,0.0078125,0.0078125,14.6265,-4.66865075,0.0,-0.05,0.0,0,-4.66865075,0.0,-320.0,-200.0,
1516109799494,0.0078125,0.0078125,14.623743750000001,-4.66865075,0.0,0.1625,0.0,0,-4.66865075,0.0,-320.0,-200.0,
1516109799514,0.0078125,0.0078125,14.6250125,-4.66865075,0.0,0.08750000000000001,0.0,0,-4.66865075,0.0,-320.0,-200.0,
1516109799557,0.0078125,0.0078125,14.6285375,-4.66865075,0.0,-0.17500000000000002,0.0,0,-4.66865075,0.0,-320.0,-200.0,
1516109799569,0.0078125,0.0078125,14.628362500000001,-4.66865075,0.0,0.0,0.0,0,-4.66865075,0.0,-320.0,-200.0,
1516109799577,0.0078125,0.0078125,14.628837500000001,-4.66865075,0.0,0.05,0.0,0,-4.66865075,0.0,-320.0,-200.0,
1516109799595,0.0078125,0.0078125,14.6265,-4.66865075,0.0,-0.0125,0.0,0,-4.66865075,0.0,-320.0,-200.0,
1516109799616,0.0078125,0.0078125,14.627143750000002,-4.66865075,0.0,0.0,0.0,0,-4.66865075,0.0,-320.0,-200.0,
1516109799670,0.0078125,0.0078125,14.627975000000001,-4.66865075,0.0,-0.0125,0.0,0,-4.66865075,0.0,-320.0,-200.0,
1516109799678,0.0078125,0.0078125,14.629118750000002,-4.66865075,0.0,0.1625,0.0,0,-4.66865075,0.0,-320.0,-200.0,
1516109799694,0.0078125,0.0078125,14.62794375,-4.66865075,0.0,0.08750000000000001,0.0,0,-4.66865075,0.0,-320.0,-200.0,
1516109799715,0.0078125,0.0078125,14.629862500000002,-4.66865075,0.0,0.2625,0.0,0,-4.66865075,0.0,-320.0,-200.0,
1516109799746,0.0078125,0.0078125,14.626275000000001,-4.66865075,0.0,0.1625,0.0,0,-4.66865075,0.0,-320.0,-200.0,
1516109799755,0.0078125,0.0078125,14.627281250000001,-4.66865075,0.0,-0.0125,0.0,0,-4.66865075,0.0,-320.0,-200.0,
1516109799774,0.0078125,0.0078125,14.626231250000002,-4.66865075,0.0,-0.225,0.0,0,-4.66865075,0.0,-320.0,-200.0,
1516109799794,0.0078125,0.0078125,14.624456250000001,-4.66865075,0.0,-0.17500000000000002,0.0,0,-4.66865075,0.0,-320.0,-200.0,
1516109799824,0.0078125,0.0078125,14.622200000000001,-4.66865075,0.0,-0.0125,0.0,0,-4.66865075,0.0,-320.0,-200.0,
1516109799841,0.0078125,0.0078125,14.624818750000001,-4.66865075,0.0,0.3375,0.0,0,-4.66865075,0.0,-320.0,-200.0,
1516109799864,0.0078125,0.0078125,14.6248125,-4.66865075,0.0,0.025,0.0,0,-4.66865075,0.0,-320.0,-200.0,
1516109799875,0.0078125,0.0078125,14.623181250000002,-4.66865075,0.0,0.025,0.0,0,-4.66865075,0.0,-320.0,-200.0,
1516109799894,0.0078125,0.0078125,14.62484375,-4.66865075,0.0,0.15000000000000002,0.0,0,-4.66865075,0.0,-320.0,-200.0,
1516109799972,0.0078125,0.0078125,14.627225000000001,-4.66865075,0.0,-0.225,0.0,0,-4.66865075,0.0,-320.0,-200.0,
1516109799998,0.0078125,0.0078125,14.627206250000002,-4.66865075,0.0,-0.0125,0.0,0,-4.66865075,0.0,-320.0,-200.0,
1516109800016,0.0078125,0.0078125,14.627875,-4.66865075,0.0,0.07500000000000001,0.0,0,-4.66865075,0.0,-320.0,-200.0,
